86
1 0 6985 3910 6 0 3
2 1 5630 3930 0.4 0 2
2 2 4970 2720 2 0 1
3 4650 3700 0.3 0 7
4 4505 3720 1.2 7.85398 7
6 5000 5000 11 0 8
7 4135 3915 4.6 3.14159 7
5 6160 4055 2 0 8
5 6395 4055 2 0 8
5 6630 4055 2 0 8
5 6865 4055 2 0 8
5 7100 4055 2 1.5708 8
5 7100 3820 2 1.5708 8
5 7100 3585 2 1.5708 8
5 7100 3350 2 1.5708 8
5 7100 3115 2 1.5708 8
5 7100 2880 2 1.5708 8
5 7090 2640 2 3.14159 8
5 6855 2640 2 3.14159 8
5 3610 4055 2 0 8
5 3375 4055 2 -1.5708 8
5 3140 4055 2 0 8
5 2905 4055 2 0 8
5 2895 3815 2 -1.5708 8
5 2895 3580 2 -1.5708 8
5 2895 3345 2 4.71239 8
5 2895 3110 2 4.71239 8
5 2895 2875 2 -1.5708 8
5 2895 2640 2 -1.5708 8
5 3135 2630 2 3.14159 8
5 3370 2630 2 3.14159 8
5 6620 2640 2 3.14159 8
5 6385 2640 2 3.14159 8
5 3605 2630 2 3.14159 8
5 3840 2630 2 3.14159 8
5 4075 2630 2 3.14159 8
5 6150 2640 2 3.14159 8
5 4310 2630 2 3.14159 8
5 5915 2640 2 3.14159 8
5 4545 2630 2 3.14159 8
5 5680 2640 2 3.14159 8
7 5820 3940 4.6 3.14159 7
2 1 4315 3915 0.4 0 2
1 0 2985 3970 6 0 5
3 4900 3700 0.3 0 7
3 4905 3510 0.3 0 7
3 4650 3500 0.3 0 7
3 4910 3300 0.3 0 7
3 4650 3300 0.3 0 7
3 4915 3050 0.3 0 7
3 4650 3055 0.3 0 7
3 4915 2840 0.3 0 7
3 4650 2845 0.3 0 7
2 2 4595 2715 2 0 1
3 3655 4140 0.3 0 7
3 3650 4240 0.3 0 7
3 3650 4360 0.3 0 7
3 3650 4480 0.3 0 7
3 3645 4615 0.3 0 7
3 3645 5035 0.3 0 7
3 3645 4895 0.3 0 7
3 3640 4755 0.3 0 7
3 3645 5170 0.3 0 7
3 3640 5715 0.3 0 7
3 3640 5575 0.3 0 7
3 3630 5445 0.3 0 7
3 3640 5300 0.3 0 7
3 3750 5750 0.3 0 7
2 4 3750 4300 6 2.87979 3
2 4 3750 4420 10 3.14159 3
2 4 3755 4550 6 -3.14159 3
2 1 3750 4150 0.6 0 1
2 4 3750 4700 7.8 3.14159 3
2 4 3750 4900 7.4 3.66519 3
2 4 3750 5050 10.4 2.87979 3
2 4 3750 5200 5 3.14159 3
2 4 3750 5350 8.8 3.14159 3
2 4 3750 4800 4.8 3.14159 3
2 4 3750 5480 4.8 3.40339 3
2 2 3750 5650 3.8 0 0
5 5445 2640 2 3.14159 8
5 5235 2640 2 3.14159 8
5 4430 2435 2 5.23599 8
5 5005 2645 2 1.0472 8
2 3 5120 2575 4 0 0
2 3 4445 2565 3.6 0 0
